16 12 1
0.083 0.538 0.112 -0.098 0.311 0.492 0.733 0.384 0.681 0.747 0.942 1.024 -0.270 0.428 0.963 -0.249 0.550
0.338 0.016 1.100 0.492 -0.094 -0.071 -0.634 0.349 1.425 0.678 0.979 0.459 -0.642 0.190 0.162 0.667 0.391
0.645 0.137 -0.164 1.260 1.292 0.432 0.884 0.486 -0.098 0.974 0.219 0.664 0.929 0.963 0.411 0.454 1.125
0.628 0.414 -2.600 2.727 2.721 0.762 -0.197 0.321 1.271 3.264 -2.425 1.249 -0.833 1.029 -3.199 -0.346 0.082
0.289 -0.061 0.327 0.984 0.447 0.342 0.239 1.010 -0.083 1.027 0.254 0.665 0.684 0.308 0.132 0.935 0.781
0.260 0.249 1.110 0.182 -0.769 0.338 -0.949 0.267 0.937 1.238 2.022 -0.067 -0.994 0.376 -0.918 0.744 -0.274
1.112 0.240 -1.085 1.954 1.401 0.217 1.075 0.857 -0.360 1.889 0.731 -0.058 1.679 0.112 1.836 1.522 0.667
1.100 0.616 0.249 0.694 0.393 0.835 0.018 0.681 0.818 0.114 0.379 0.285 0.117 0.224 0.109 -0.108 -0.180
0.509 0.171 0.505 0.816 0.668 0.257 0.672 0.063 -0.075 0.153 0.976 0.371 0.880 0.583 0.904 0.566 0.129
1.190 0.846 -0.240 -0.692 -0.199 0.766 0.720 0.196 0.362 0.816 0.569 0.847 0.680 -0.035 0.424 -0.532 0.420
0.654 -1.307 0.024 1.906 2.910 -1.564 0.185 0.189 0.874 -2.009 -1.992 0.430 -0.085 -0.561 1.137 1.173 -0.187
0.742 0.340 -1.901 2.185 0.268 0.194 0.236 0.264 1.699 -0.011 -0.442 0.949 -0.862 0.249 0.745 -1.271 -0.277
3.069 -0.799 -1.900 1.503 6.891 0.505 -3.141 3.501 -0.730 0.351 -1.604 4.972 3.148