16 12 1
0.018 0.560 0.378 0.122 0.455 0.480 0.930 0.336 0.622 0.809 0.966 0.968 0.040 0.519 0.988 0.091 0.746
0.158 0.115 0.947 0.743 0.350 0.739 0.147 0.840 0.912 0.918 0.545 0.376 0.021 0.688 0.592 0.581 0.959
0.252 0.434 0.450 0.067 0.845 0.499 0.545 0.455 0.231 0.988 0.288 0.522 0.740 0.771 0.023 0.037 0.642
0.741 0.639 0.693 0.258 0.867 0.451 0.025 0.646 0.125 0.864 0.026 0.531 0.473 0.674 0.214 0.090 0.224
0.061 0.007 0.569 0.887 0.444 0.323 0.250 0.975 0.021 0.991 0.290 0.708 0.635 0.303 0.086 0.957 0.693
0.268 0.021 0.932 0.620 0.020 0.552 0.279 0.904 0.346 0.929 0.904 0.017 0.050 0.460 0.105 0.872 0.186
0.324 0.456 0.129 0.980 0.881 0.516 0.744 0.610 0.343 0.989 0.177 0.577 0.963 0.049 0.951 0.531 0.111
0.865 0.657 0.860 0.722 0.438 0.838 0.143 0.772 0.815 0.113 0.404 0.294 0.271 0.216 0.210 0.051 0.075
0.315 0.223 0.822 0.724 0.586 0.229 0.613 0.057 0.022 0.054 0.932 0.425 0.846 0.511 0.870 0.529 0.092
0.848 0.778 0.170 0.157 0.131 0.478 0.810 0.295 0.227 0.916 0.519 0.894 0.755 0.041 0.535 0.066 0.994
0.479 0.077 0.854 0.462 0.776 0.235 0.028 0.983 0.432 0.189 0.132 0.275 0.419 0.157 0.900 0.206 0.435
0.877 0.877 0.035 0.355 0.116 0.419 0.374 0.156 0.843 0.578 0.423 0.225 0.161 0.314 0.916 0.095 0.411
0.885 0.414 0.085 0.607 0.762 0.434 0.288 0.271 0.351 0.567 0.168 0.720 0.365