204 2 1
50 6 0
67 0 0
68 0 0
60 0 0
37 15 0
43 0 0
50 0 0
65 0 0
65 22 1
70 4 1
61 1 1
67 0 0
37 0 0
58 3 0
47 12 0
45 6 1
65 0 0
36 0 0
60 0 1
52 2 1
64 0 0
76 0 0
52 4 0
72 3 0
71 2 0
30 1 0
38 0 0
70 0 0
53 0 0
34 0 0
55 15 1
59 0 0
72 0 1
47 6 0
56 0 0
46 2 1
57 0 0
34 1 0
53 9 1
45 0 0
45 0 0
45 0 0
37 6 0
34 30 0
53 2 0
59 3 0
37 0 0
65 2 0
44 16 0
49 0 0
57 0 0
55 22 0
63 0 0
54 3 0
60 17 1
49 1 0
52 0 0
43 4 0
57 0 0
47 0 0
64 0 0
66 0 0
54 23 1
65 15 1
63 28 0
56 3 1
50 1 0
56 9 1
41 0 0
64 0 0
51 7 0
52 0 0
63 0 0
83 2 1
48 7 1
74 3 1
59 0 0
56 2 0
41 0 0
41 0 0
43 52 1
48 0 0
41 23 1
39 4 0
34 0 1
54 7 1
39 0 0
58 1 0
50 4 0
53 1 1
53 24 1
67 0 0
38 11 0
52 3 1
62 6 0
43 14 0
37 0 0
55 1 0
42 20 0
42 0 0
38 5 0
33 10 0
67 1 1
65 0 0
58 0 0
40 0 0
56 1 0
65 2 1
43 0 0
65 0 1
66 0 1
52 5 0
50 1 0
44 19 1
57 1 1
73 0 0
34 9 1
39 0 0
36 1 0
62 0 0
69 0 0
43 2 0
39 0 1
47 0 0
41 0 0
46 5 1
63 0 0
34 7 0
68 0 0
62 0 1
62 19 1
35 0 0
53 1 0
47 0 0
52 4 1
48 11 1
64 0 0
52 0 0
50 13 1
60 2 0
52 0 0
48 11 1
47 0 1
42 1 1
58 0 0
58 3 0
72 0 0
41 0 1
70 14 0
57 0 0
38 0 0
43 0 1
45 1 1
62 0 0
63 0 0
50 1 0
40 2 0
62 0 0
37 0 0
38 3 0
50 0 0
65 0 0
54 0 0
59 35 1
38 0 0
38 2 0
54 5 1
51 13 1
56 0 0
30 3 0
61 0 0
46 0 0
54 0 0
47 4 0
56 0 0
77 3 0
54 11 1
73 0 0
38 1 0
42 1 0
49 0 0
54 0 0
53 12 1
50 0 1
55 1 0
43 2 0
51 0 0
55 1 0
45 0 0
30 0 0
57 5 1
63 0 0
54 1 0
53 1 0
66 1 0
58 0 0
40 0 0
31 2 0
70 0 0
45 14 0
57 9 0
50 0 0
57 0 0
44 63 1 144 1 0