11 24 1
1.312 0.124 0.332 0.753 -0.626 0.940 0.134 0.058 -0.249 -0.583 -0.083 -0.058
0.748 -2.169 0.457 -3.562 0.008 6.331 -2.869 2.958 0.368 10.211 0.659 0.347
2.042 1.651 -0.323 0.575 -1.030 1.850 1.530 1.947 -2.109 -1.074 1.569 -0.421
1.310 -0.242 -1.264 1.787 -0.798 0.834 0.519 1.486 0.133 -0.410 0.711 -0.307
3.087 -1.793 -1.327 -1.092 -1.835 -3.395 3.715 -0.152 -0.779 2.946 -0.931 4.070
1.743 0.642 -0.361 1.045 0.050 2.266 1.552 0.590 -2.089 -0.907 0.191 -0.388
1.083 0.779 -0.138 0.928 -0.554 0.551 0.599 1.214 -1.261 -0.633 0.103 -0.235
0.422 -0.676 -1.046 -2.420 0.272 -1.474 0.602 -0.352 2.173 1.044 0.967 -1.478
1.137 0.454 0.044 -0.077 0.069 0.572 -0.055 0.199 -0.727 -0.763 -0.068 0.276
2.799 4.059 -3.774 5.199 -1.333 5.317 4.621 -0.087 1.228 0.629 2.848 -6.776
0.077 -3.073 1.707 -1.916 1.020 5.616 2.954 2.178 3.033 -1.886 6.551 -6.755
2.569 0.250 1.476 0.917 -1.156 2.037 -1.343 -0.084 2.490 0.595 -0.303 -2.848
1.431 0.442 -0.024 -0.114 -0.159 0.702 0.170 0.768 -0.817 -0.182 0.235 0.173
1.552 -0.439 -2.548 3.506 -0.447 1.155 0.870 2.598 1.029 -0.231 -0.262 -0.941
0.365 1.272 1.254 -0.754 -0.083 0.824 1.758 -0.472 -0.674 0.086 1.078 -1.026
1.567 -0.396 0.567 -0.098 0.049 1.237 -0.081 1.173 0.313 0.468 0.048 -0.772
1.334 -0.213 0.923 0.452 -0.352 0.316 -0.128 0.016 0.105 0.462 0.247 -0.576
1.466 1.170 -0.432 0.952 -0.571 0.854 0.822 1.189 -1.265 -0.837 0.551 0.104
1.790 -0.094 -1.885 2.891 -0.259 1.771 1.202 1.927 -0.051 -0.467 0.080 -1.045
1.951 2.590 1.321 4.621 -0.793 -3.442 6.913 3.071 5.412 -5.194 -2.216 -1.045
0.659 4.642 -3.391 -2.321 -0.118 -2.526 -1.755 3.116 -1.002 -2.972 5.060 -0.756
1.126 0.092 -0.941 2.059 -0.009 -0.064 -0.298 2.014 -0.171 -0.582 0.090 0.139
0.356 4.352 -0.471 -0.292 0.340 1.521 5.272 -0.916 0.078 -0.943 -0.001 0.577
1.805 0.309 -0.158 0.721 -0.085 0.636 0.437 0.464 -0.428 -0.136 0.197 -0.309
4.907 0.278 9.483 2.969 1.634 -5.947 2.612 1.248 -3.679 0.641 -7.626 5.671 -3.736 0.519 3.719 -2.268 -0.696 -0.707 1.551 3.259 6.110 5.828 1.398 -6.432 0.271