11 24 1
0.578 0.632 0.713 0.876 0.108 0.998 0.432 0.021 0.35 0.012 0.148 0.282
0.627 0.216 0.305 0.097 0.129 0.108 0.459 0.422 0.093 0.954 0.716 0.679
0.836 0.292 0.461 0.576 0.176 0.719 0.43 0.301 0.119 0.053 0.321 0.313
0.383 0.424 0.418 0.768 0.129 0.414 0.691 0.31 0.604 0.364 0.474 0.775
0.922 0.005 0.113 0.185 0.33 0.079 0.349 0.012 0.321 0.695 0.166 0.907
0.882 0.274 0.31 0.792 0.911 0.779 0.844 0.563 0.066 0.048 0.015 0.283
0.182 0.895 0.525 0.406 0.347 0.259 0.675 0.706 0.26 0.549 0.338 0.028
0.219 0.374 0.569 0.065 0.475 0.423 0.142 0.278 0.62 0.889 0.929 0.232
0.23 0.855 0.22 0.043 0.976 0.534 0.331 0.09 0.269 0.054 0.208 0.517
0.959 0.847 0.354 0.297 0.507 0.353 0.805 0.555 0.723 0.103 0.49 0.06
0.767 0.096 0.218 0.995 0.33 0.817 0.739 0.604 0.054 0.262 0.4 0.095
0.959 0.974 0.477 0.339 0.454 0.72 0.358 0.121 0.871 0.71 0.286 0.163
0.468 0.843 0.28 0.061 0.804 0.839 0.468 0.88 0.03 0.581 0.649 0.683
0.4 0.482 0.105 0.867 0.705 0.193 0.83 0.89 0.207 0.131 0.375 0.166
0.061 0.12 0.877 0.54 0.221 0.911 0.838 0.208 0.225 0.491 0.577 0.987
0.737 0.226 0.406 0.316 0.879 0.994 0.625 0.618 0.508 0.981 0.206 0.091
0.315 0.538 0.951 0.801 0.667 0.777 0.099 0.22 0.17 0.779 0.743 0.321
0.787 0.957 0.235 0.693 0.108 0.056 0.586 0.816 0.26 0.054 0.601 0.666
0.9 0.225 0.054 0.908 0.631 0.825 0.728 0.659 0.273 0.112 0.306 0.55
0.891 0.743 0.73 0.353 0.267 0.325 0.882 0.997 0.948 0.704 0.307 0.277
0.432 0.663 0.02 0.51 0.109 0.229 0.148 0.276 0.802 0.004 0.728 0.603
0.536 0.949 0.246 0.833 0.581 0.647 0.04 0.827 0.529 0.381 0.491 0.154
0.478 0.895 0.147 0.637 0.218 0.973 0.129 0.203 0.578 0.74 0.501 0.92
0.775 0.864 0.483 0.935 0.945 0.568 0.7 0.604 0.343 0.627 0.466 0.147
0.392 0.453 0.516 0.394 0.726 0.416 0.573 0.635 0.047 0.872 0.082 0.497 0.438 0.489 0.599 0.356 0.782 0.418 0.076 0.447 0.427 0.528 0.669 0.005 0.566