254 11 1
1.000 1.000 0.000 1.000 0.000 0.306 0.053 0.809 0.750 0.000 0.500 0.000
1.000 1.000 0.000 1.000 0.000 0.355 0.041 0.326 0.750 1.000 0.000 0.000
0.000 1.000 0.000 1.000 0.000 0.300 0.020 0.660 0.750 0.000 0.500 1.000
1.000 1.000 0.500 1.000 0.000 0.433 0.096 0.879 0.375 1.000 1.000 1.000
1.000 0.000 0.000 1.000 0.000 0.541 0.000 0.901 0.750 1.000 1.000 1.000
1.000 0.000 0.000 1.000 0.000 0.246 0.591 0.667 0.750 1.000 0.500 1.000
0.000 0.000 0.000 1.000 0.000 0.246 0.000 0.411 0.750 1.000 1.000 1.000
1.000 1.000 1.000 1.000 0.000 0.439 0.006 0.816 0.750 1.000 0.500 1.000
1.000 1.000 0.000 1.000 0.000 0.337 0.065 0.894 0.750 1.000 0.000 0.000
1.000 1.000 1.000 1.000 0.000 0.581 0.000 0.844 0.750 1.000 1.000 1.000
1.000 0.000 0.000 1.000 0.000 0.371 0.000 0.716 0.750 1.000 0.000 1.000
1.000 0.000 0.250 1.000 0.000 0.361 0.000 0.645 0.500 0.000 1.000 1.000
1.000 1.000 0.250 1.000 0.000 0.308 0.038 0.794 0.750 0.000 0.500 0.000
1.000 1.000 0.500 1.000 0.000 0.309 0.041 0.738 0.750 1.000 1.000 1.000
1.000 0.000 0.000 1.000 0.000 0.403 0.074 0.929 0.750 1.000 0.000 1.000
1.000 1.000 0.000 1.000 0.000 0.398 0.051 0.993 0.750 0.000 0.000 0.000
1.000 1.000 0.500 1.000 0.000 0.223 0.000 0.738 0.750 1.000 0.000 0.000
0.000 0.000 0.000 1.000 0.000 0.269 0.000 0.504 0.000 0.000 1.000 0.000
0.000 0.000 0.250 1.000 0.000 0.479 0.000 0.511 0.750 1.000 0.500 0.000
0.000 0.000 0.000 1.000 1.000 0.246 0.000 0.596 0.750 0.000 1.000 1.000
1.000 0.000 0.500 1.000 0.000 0.363 0.000 0.695 0.750 1.000 0.500 1.000
1.000 1.000 0.500 1.000 0.000 0.294 0.000 0.511 0.750 1.000 0.500 1.000
1.000 1.000 0.500 1.000 0.000 0.445 0.000 0.837 0.750 0.000 0.500 0.000
1.000 1.000 0.000 1.000 0.000 0.179 0.031 0.631 0.750 1.000 0.500 1.000
1.000 0.000 0.000 1.000 0.000 0.295 0.082 0.957 0.750 1.000 0.500 1.000
1.000 1.000 0.000 1.000 0.000 0.174 0.055 0.574 0.750 1.000 1.000 1.000
1.000 1.000 0.000 1.000 1.000 0.439 0.022 0.553 0.750 1.000 0.500 0.000
1.000 1.000 1.000 1.000 0.000 0.347 0.101 1.000 0.750 1.000 0.000 1.000
1.000 1.000 0.000 1.000 0.000 0.302 0.043 0.610 0.750 1.000 1.000 1.000
1.000 1.000 0.500 1.000 0.000 0.214 0.051 0.255 0.750 1.000 0.500 1.000
1.000 1.000 0.000 1.000 0.000 0.176 0.039 0.645 0.000 0.000 1.000 0.000
1.000 1.000 0.000 1.000 0.000 0.285 0.052 0.681 0.750 1.000 0.500 1.000
1.000 1.000 0.000 1.000 0.000 0.482 0.069 0.858 0.750 1.000 1.000 1.000
1.000 0.000 0.000 1.000 0.000 0.496 0.000 0.277 0.750 1.000 0.000 1.000
0.000 1.000 0.500 1.000 0.000 0.197 0.048 0.738 1.000 1.000 0.500 1.000
1.000 1.000 0.000 1.000 0.000 0.341 0.131 0.809 0.750 1.000 0.500 1.000
0.000 0.000 0.000 1.000 0.000 0.174 0.049 0.319 0.750 1.000 1.000 1.000
1.000 1.000 0.000 1.000 0.000 0.493 0.025 0.823 0.750 1.000 0.500 1.000
1.000 1.000 1.000 1.000 0.000 0.534 0.000 0.603 0.750 1.000 1.000 0.000
0.000 1.000 0.250 1.000 0.000 0.467 0.084 0.929 0.375 1.000 0.500 1.000
1.000 1.000 0.250 1.000 0.000 0.743 0.049 0.716 0.000 0.000 1.000 0.000
1.000 1.000 0.500 1.000 0.000 0.424 0.042 0.851 0.750 1.000 0.000 0.000
0.000 0.000 0.000 1.000 0.000 0.211 0.000 0.433 0.750 1.000 0.500 1.000
0.000 1.000 0.000 1.000 0.000 0.316 0.000 0.191 0.750 1.000 0.500 1.000
1.000 1.000 0.500 1.000 0.000 0.404 0.051 0.759 0.750 1.000 0.500 1.000
1.000 1.000 0.500 1.000 0.000 0.315 0.014 0.702 0.175 1.000 1.000 1.000
1.000 1.000 0.000 1.000 0.000 0.294 0.086 0.865 0.750 1.000 0.500 1.000
0.000 1.000 0.500 1.000 0.000 0.433 0.070 0.837 0.750 0.000 0.500 1.000
0.000 0.000 0.000 1.000 0.000 0.233 0.000 0.000 0.750 1.000 1.000 0.000
1.000 1.000 0.000 1.000 0.000 0.960 0.000 0.468 0.375 1.000 1.000 1.000
0.000 0.000 0.000 1.000 0.000 0.216 0.000 0.404 0.750 1.000 0.000 1.000
1.000 1.000 0.250 1.000 0.000 0.247 0.059 0.929 0.375 1.000 1.000 0.000
1.000 1.000 0.000 1.000 0.000 0.246 0.112 0.787 0.750 1.000 1.000 1.000
1.000 1.000 0.500 1.000 0.000 0.336 0.084 0.957 0.750 1.000 1.000 1.000
1.000 1.000 0.000 1.000 0.000 0.238 0.069 0.950 0.750 1.000 0.500 1.000
1.000 0.000 0.000 1.000 0.000 0.351 0.000 0.511 0.625 1.000 0.500 1.000
1.000 1.000 0.000 1.000 0.000 0.466 0.000 0.454 0.375 1.000 0.500 1.000
1.000 1.000 0.000 1.000 0.000 0.000 0.053 0.894 0.750 1.000 0.000 0.000
1.000 1.000 0.000 1.000 0.000 0.594 0.000 0.957 0.750 1.000 1.000 1.000
1.000 0.000 0.000 1.000 0.000 0.694 0.000 0.858 0.750 1.000 0.500 1.000
1.000 1.000 0.000 1.000 0.000 0.360 0.126 0.872 0.375 0.000 0.000 0.000
1.000 1.000 1.000 1.000 0.000 0.414 0.000 0.220 0.375 1.000 0.000 1.000
0.000 1.000 0.500 1.000 0.000 0.006 0.086 0.631 0.750 1.000 0.500 1.000
1.000 1.000 0.000 1.000 0.000 0.229 0.071 0.901 0.750 1.000 1.000 1.000
1.000 1.000 0.000 1.000 0.000 0.300 0.090 0.610 0.625 0.000 1.000 1.000
1.000 1.000 0.250 1.000 1.000 0.089 0.089 0.716 0.750 1.000 1.000 0.000
1.000 1.000 0.500 1.000 0.000 0.307 0.064 0.830 0.750 1.000 1.000 1.000
0.000 0.000 0.000 1.000 0.000 0.184 0.070 0.787 0.000 1.000 1.000 1.000
0.000 0.000 0.000 1.000 0.000 0.416 0.000 0.752 0.750 1.000 0.500 1.000
0.000 1.000 0.000 1.000 0.000 0.244 0.068 0.908 0.750 1.000 0.500 1.000
0.000 0.000 0.000 1.000 0.000 0.307 0.000 0.787 0.750 1.000 0.500 1.000
0.000 0.000 0.000 1.000 0.000 0.551 0.000 0.950 1.000 0.000 1.000 0.000
1.000 1.000 0.500 1.000 1.000 0.270 0.000 0.688 0.750 0.000 0.500 0.000
1.000 1.000 0.500 1.000 0.000 0.189 0.043 0.362 0.625 0.000 1.000 1.000
1.000 1.000 1.000 1.000 1.000 0.579 0.042 0.645 0.750 1.000 0.000 1.000
1.000 1.000 0.250 1.000 0.000 0.245 0.061 0.674 0.750 1.000 0.500 1.000
1.000 1.000 0.000 1.000 0.000 0.255 0.063 0.787 0.750 0.000 1.000 1.000
0.000 1.000 0.250 1.000 0.000 0.332 0.027 0.681 0.175 1.000 0.500 1.000
1.000 1.000 0.500 1.000 0.000 0.334 0.051 1.000 0.750 0.000 0.000 0.000
0.000 0.000 0.000 1.000 0.000 0.342 0.000 0.894 0.750 1.000 0.000 0.000
1.000 1.000 0.500 1.000 0.000 0.198 0.048 0.652 0.750 1.000 0.000 1.000
1.000 1.000 0.000 1.000 1.000 0.346 0.000 0.113 0.250 1.000 0.500 1.000
1.000 1.000 0.000 1.000 0.000 0.559 0.000 0.823 0.750 1.000 0.000 1.000
1.000 1.000 0.000 1.000 0.000 0.267 0.060 0.801 0.750 1.000 0.500 1.000
0.000 1.000 0.000 1.000 0.000 0.438 0.072 0.716 0.750 1.000 1.000 0.000
1.000 1.000 1.000 1.000 0.000 0.263 0.062 0.610 0.750 1.000 0.000 1.000
1.000 1.000 1.000 1.000 0.000 0.340 0.074 0.809 0.750 0.000 0.000 0.000
1.000 1.000 0.000 1.000 0.000 0.423 0.000 0.752 0.375 1.000 0.500 1.000
1.000 1.000 1.000 1.000 0.000 0.301 0.000 0.638 0.750 1.000 1.000 1.000
1.000 0.000 0.250 1.000 0.000 0.265 0.038 0.603 0.750 1.000 0.500 1.000
1.000 1.000 0.500 1.000 0.000 0.268 0.034 0.624 0.750 1.000 0.500 1.000
1.000 1.000 1.000 1.000 0.000 0.900 0.148 0.858 0.750 1.000 0.000 1.000
1.000 0.000 0.000 1.000 0.000 0.306 0.000 0.440 1.000 1.000 1.000 0.000
1.000 0.000 0.000 1.000 0.000 0.336 0.000 0.504 0.075 1.000 0.500 0.000
0.000 0.000 0.000 1.000 0.000 0.052 0.109 0.738 1.000 1.000 0.000 1.000
0.000 0.000 0.000 1.000 0.000 0.290 0.000 0.532 0.750 1.000 0.500 1.000
1.000 0.000 0.500 1.000 0.000 0.440 0.000 0.901 0.750 1.000 0.000 1.000
1.000 1.000 1.000 1.000 0.000 0.308 0.000 0.738 0.750 1.000 0.000 1.000
1.000 0.000 0.000 1.000 0.000 0.521 0.000 0.816 0.000 0.000 0.000 0.000
1.000 1.000 0.000 1.000 1.000 0.298 0.000 0.404 0.750 1.000 1.000 1.000
1.000 1.000 0.000 1.000 0.000 0.290 0.000 0.553 0.750 1.000 0.000 1.000
1.000 0.000 0.000 1.000 0.000 0.269 0.000 0.362 0.375 1.000 1.000 1.000
0.000 0.000 0.000 1.000 0.000 0.208 0.000 0.638 0.750 0.000 0.500 0.000
1.000 1.000 0.000 1.000 0.000 0.225 0.045 0.674 0.750 1.000 1.000 1.000
1.000 1.000 0.000 1.000 0.000 0.236 0.000 0.468 0.750 0.000 1.000 1.000
1.000 1.000 0.000 1.000 0.000 0.255 0.070 0.787 0.750 1.000 1.000 1.000
1.000 0.000 0.000 1.000 0.000 0.361 0.000 0.504 0.750 1.000 1.000 0.000
0.000 0.000 0.000 1.000 0.000 0.288 0.000 0.440 0.750 1.000 0.000 1.000
1.000 1.000 0.250 1.000 0.000 0.216 0.041 0.539 0.750 0.000 1.000 1.000
0.000 0.000 0.000 1.000 0.000 0.420 0.000 0.248 0.750 1.000 0.500 1.000
0.000 1.000 0.000 1.000 0.000 0.186 0.049 0.645 0.750 1.000 0.500 1.000
0.000 0.000 0.000 1.000 0.000 0.420 0.000 0.440 0.750 1.000 0.500 1.000
1.000 1.000 0.000 1.000 0.000 0.786 0.000 0.674 0.750 0.000 1.000 0.000
1.000 1.000 0.250 1.000 0.000 0.340 0.048 0.723 0.375 1.000 1.000 1.000
0.000 1.000 0.000 1.000 0.000 0.464 0.000 0.532 0.750 1.000 0.000 0.000
1.000 1.000 0.000 1.000 0.000 0.234 0.063 0.348 0.750 0.000 0.000 1.000
0.000 0.000 0.000 1.000 0.000 0.340 0.000 0.610 0.750 1.000 0.000 0.000
1.000 1.000 0.000 1.000 0.000 0.395 0.024 0.730 0.750 1.000 0.500 1.000
1.000 0.000 0.000 1.000 0.000 0.423 0.000 0.787 0.750 1.000 0.000 1.000
0.000 0.000 0.000 1.000 0.000 0.482 0.000 0.603 0.750 1.000 0.500 1.000
1.000 1.000 1.000 1.000 1.000 0.728 0.000 0.823 0.125 1.000 1.000 1.000
1.000 0.000 0.000 1.000 0.000 0.377 0.049 0.716 0.750 1.000 0.500 1.000
0.000 1.000 0.000 1.000 0.000 0.342 0.083 0.738 0.750 0.000 0.500 1.000
1.000 0.000 0.000 1.000 0.000 0.361 0.038 0.645 0.750 1.000 0.000 0.000
1.000 1.000 0.250 1.000 0.000 0.189 0.072 0.865 0.750 1.000 0.000 1.000
1.000 0.000 0.000 1.000 0.000 0.420 0.000 0.631 0.750 0.000 0.500 0.000
1.000 1.000 0.250 1.000 0.000 0.304 0.030 0.645 0.750 1.000 1.000 1.000
1.000 1.000 0.000 1.000 0.000 0.191 0.029 0.291 0.750 1.000 0.500 1.000
1.000 0.000 0.000 1.000 0.000 0.617 0.000 0.752 0.750 0.000 0.000 0.000
1.000 0.000 0.000 1.000 0.000 0.230 0.047 0.872 0.750 1.000 0.500 1.000
1.000 1.000 0.000 1.000 1.000 0.480 0.000 0.915 0.750 1.000 1.000 0.000
1.000 1.000 0.000 1.000 0.000 0.217 0.000 0.362 0.750 0.000 1.000 0.000
1.000 0.000 0.000 1.000 1.000 0.735 0.000 0.844 0.750 1.000 1.000 1.000
1.000 0.000 0.000 1.000 0.000 0.173 0.036 0.270 0.750 1.000 1.000 1.000
1.000 1.000 0.500 1.000 0.000 0.477 0.041 1.000 0.750 1.000 0.500 1.000
0.000 0.000 0.000 1.000 0.000 0.141 0.053 0.667 0.750 0.000 0.500 0.000
1.000 1.000 0.500 1.000 0.000 0.394 0.000 0.816 0.750 1.000 0.500 1.000
1.000 1.000 0.000 1.000 0.000 0.175 0.052 0.610 0.750 1.000 0.000 1.000
1.000 1.000 0.000 1.000 0.000 0.202 0.093 0.844 0.750 1.000 0.500 1.000
0.000 0.000 0.250 1.000 0.000 0.466 0.000 0.511 0.750 1.000 0.000 0.000
1.000 1.000 0.000 1.000 0.000 0.175 0.051 0.645 0.750 1.000 1.000 1.000
1.000 1.000 0.500 1.000 0.000 0.327 0.014 0.894 0.750 0.000 0.500 1.000
1.000 1.000 0.000 1.000 0.000 0.173 0.087 0.596 0.750 0.000 1.000 0.000
1.000 1.000 1.000 1.000 0.000 0.293 0.049 0.433 0.375 0.000 1.000 0.000
1.000 1.000 0.250 1.000 0.000 0.408 0.157 0.915 0.750 0.000 0.000 0.000
1.000 1.000 0.000 1.000 0.000 0.244 0.073 0.574 0.375 0.000 0.000 1.000
0.000 0.000 0.000 1.000 0.000 0.352 0.000 0.475 0.750 0.000 1.000 0.000
1.000 0.000 0.000 1.000 0.000 0.333 0.000 0.433 0.750 1.000 1.000 1.000
1.000 1.000 1.000 1.000 0.000 0.655 0.000 1.000 0.750 1.000 0.500 0.000
1.000 1.000 0.000 1.000 0.000 0.379 0.000 0.716 0.750 1.000 0.500 1.000
1.000 1.000 0.500 1.000 1.000 0.586 0.000 0.957 0.175 0.000 0.000 1.000
0.000 0.000 0.000 1.000 0.000 0.323 0.000 0.149 0.750 1.000 1.000 1.000
1.000 0.000 0.000 1.000 0.000 0.281 0.000 0.440 0.750 1.000 1.000 1.000
1.000 0.000 0.000 1.000 0.000 0.641 0.000 0.773 0.750 0.000 0.000 0.000
0.000 0.000 0.250 1.000 0.000 0.383 0.000 0.730 0.750 1.000 0.000 1.000
1.000 1.000 0.000 1.000 0.000 0.639 0.000 0.844 0.750 1.000 0.500 1.000
1.000 0.000 0.000 1.000 0.000 0.400 0.075 0.326 0.750 1.000 0.000 1.000
1.000 0.000 0.000 1.000 0.000 0.325 0.000 0.291 0.750 1.000 1.000 1.000
1.000 0.000 0.000 1.000 1.000 0.255 0.064 0.674 0.750 1.000 0.000 1.000
1.000 1.000 0.000 1.000 0.000 0.496 0.000 0.879 0.750 1.000 0.000 0.000
1.000 1.000 0.500 1.000 0.000 0.327 0.054 0.511 0.750 1.000 1.000 1.000
1.000 1.000 0.250 1.000 0.000 0.154 0.053 0.617 0.750 1.000 1.000 1.000
0.000 0.000 0.250 1.000 0.000 0.285 0.046 0.574 0.750 1.000 1.000 1.000
1.000 1.000 0.250 1.000 0.000 0.276 0.057 0.972 0.750 0.000 0.000 0.000
1.000 0.000 0.000 1.000 0.000 0.316 0.000 0.461 0.750 1.000 1.000 0.000
1.000 1.000 0.500 1.000 0.000 0.255 0.069 0.823 0.750 1.000 0.000 1.000
1.000 1.000 0.500 1.000 0.000 0.226 0.037 0.823 0.750 0.000 0.000 0.000
1.000 1.000 0.500 1.000 1.000 0.639 0.038 0.702 0.750 1.000 0.000 1.000
1.000 1.000 0.000 1.000 0.000 0.333 0.074 0.844 0.750 1.000 0.500 1.000
1.000 1.000 0.500 1.000 0.000 0.471 0.000 0.716 0.750 1.000 0.000 1.000
1.000 0.000 0.000 1.000 0.000 0.612 0.000 0.929 0.750 1.000 0.000 1.000
1.000 1.000 0.000 1.000 0.000 0.435 0.000 0.858 0.750 0.000 0.500 1.000
1.000 1.000 0.250 1.000 0.000 0.331 0.000 0.617 0.750 1.000 0.500 1.000
1.000 1.000 0.000 1.000 0.000 0.207 0.047 0.617 0.750 1.000 0.500 1.000
0.000 0.000 0.250 1.000 0.000 0.355 0.000 0.730 0.750 0.000 0.500 1.000
1.000 1.000 0.500 1.000 0.000 0.287 0.000 0.255 0.375 0.000 1.000 0.000
1.000 1.000 0.500 1.000 0.000 0.193 0.048 0.738 0.375 1.000 0.500 1.000
1.000 0.000 0.000 1.000 0.000 0.612 0.000 0.936 0.750 1.000 1.000 1.000
0.000 0.000 0.000 1.000 0.000 0.460 0.000 0.752 0.750 1.000 0.500 1.000
1.000 1.000 0.500 1.000 0.000 0.369 0.007 0.702 0.750 1.000 0.500 1.000
1.000 0.000 0.000 1.000 0.000 0.251 0.060 0.830 0.750 1.000 0.000 1.000
0.000 1.000 0.000 1.000 0.000 0.261 0.102 0.787 0.750 0.000 1.000 0.000
1.000 1.000 0.500 1.000 0.000 0.393 0.000 0.574 0.750 1.000 0.500 1.000
1.000 1.000 0.000 1.000 0.000 0.350 0.058 0.759 0.750 1.000 0.000 1.000
1.000 1.000 0.250 1.000 0.000 0.576 0.000 0.248 0.750 1.000 1.000 1.000
1.000 1.000 0.500 1.000 0.000 0.606 0.000 0.879 0.750 1.000 0.500 1.000
1.000 1.000 0.000 1.000 0.000 0.298 0.049 0.645 1.000 0.000 1.000 0.000
1.000 1.000 0.500 1.000 0.000 0.333 0.059 0.638 0.750 0.000 0.500 1.000
0.000 0.000 0.000 1.000 1.000 0.464 0.000 0.879 0.750 0.000 0.500 0.000
0.000 1.000 0.000 1.000 0.000 0.291 0.069 0.922 0.750 1.000 0.500 1.000
1.000 1.000 0.250 1.000 0.000 0.390 0.000 0.411 0.750 1.000 1.000 0.000
1.000 1.000 0.500 1.000 0.000 0.388 0.000 0.617 0.750 1.000 0.500 1.000
1.000 0.000 0.000 1.000 0.000 0.185 0.150 0.411 0.750 0.000 0.000 0.000
1.000 0.000 0.000 1.000 0.000 0.377 0.000 0.738 1.000 1.000 1.000 0.000
0.000 0.000 0.000 1.000 0.000 0.383 0.000 0.759 0.375 1.000 1.000 1.000
1.000 0.000 0.000 1.000 0.000 0.273 0.000 0.397 0.625 1.000 0.000 0.000
1.000 0.000 0.000 1.000 1.000 0.726 0.000 0.532 0.750 1.000 0.500 1.000
1.000 0.000 0.000 1.000 0.000 0.267 0.082 0.617 0.750 0.000 0.500 1.000
1.000 1.000 0.000 1.000 0.000 0.309 0.038 0.504 0.750 1.000 1.000 1.000
0.000 1.000 0.000 1.000 0.000 0.364 0.000 0.702 0.750 1.000 0.500 1.000
1.000 1.000 0.500 1.000 0.000 0.246 0.054 0.709 0.750 1.000 1.000 1.000
0.000 0.000 0.000 1.000 0.000 0.427 0.000 0.730 0.750 1.000 0.500 0.000
0.000 0.000 0.000 1.000 0.000 0.316 0.088 0.872 0.750 0.000 0.000 1.000
0.000 0.000 0.000 1.000 1.000 0.256 0.051 0.638 0.625 1.000 0.500 0.000
1.000 1.000 0.000 1.000 0.000 0.316 0.089 0.908 0.750 1.000 1.000 1.000
1.000 1.000 0.250 1.000 0.000 0.402 0.000 0.291 0.500 1.000 1.000 1.000
1.000 0.000 0.000 1.000 0.000 0.315 0.090 0.567 0.750 1.000 0.000 1.000
1.000 1.000 0.250 1.000 0.000 0.181 0.000 0.369 0.750 0.000 0.000 0.000
1.000 1.000 0.500 1.000 0.000 0.427 0.031 0.716 0.750 1.000 1.000 1.000
1.000 1.000 0.000 1.000 0.000 0.256 0.050 0.695 0.750 1.000 0.000 1.000
1.000 1.000 0.000 1.000 0.000 0.259 0.066 1.000 0.750 1.000 0.500 1.000
1.000 1.000 0.000 1.000 1.000 0.476 0.000 0.617 0.000 1.000 1.000 1.000
1.000 1.000 0.250 1.000 0.000 0.676 0.000 0.908 0.375 1.000 1.000 1.000
1.000 1.000 0.000 1.000 0.000 0.388 0.098 0.943 0.375 1.000 0.000 1.000
1.000 0.000 0.000 1.000 0.000 0.246 0.000 0.326 0.750 1.000 0.500 1.000
1.000 1.000 0.000 1.000 0.000 0.372 0.059 0.787 0.750 1.000 0.000 1.000
1.000 0.000 0.000 1.000 0.000 0.499 0.000 0.858 0.750 0.000 0.000 1.000
1.000 1.000 0.250 1.000 0.000 0.351 0.032 0.894 0.750 1.000 1.000 1.000
0.000 0.000 0.250 1.000 0.000 0.528 0.000 0.872 0.750 1.000 0.500 1.000
0.000 0.000 0.000 1.000 0.000 0.341 0.000 0.560 0.000 1.000 1.000 1.000
1.000 1.000 0.000 1.000 0.000 0.306 0.071 0.922 0.750 1.000 0.000 1.000
1.000 0.000 0.000 1.000 0.000 0.246 0.000 0.617 1.000 1.000 0.500 0.000
1.000 1.000 1.000 1.000 0.000 0.353 0.000 0.511 0.375 1.000 0.000 0.000
0.000 0.000 0.000 1.000 0.000 0.263 0.048 0.532 0.750 0.000 1.000 1.000
1.000 0.000 0.000 1.000 0.000 0.229 0.043 0.660 1.000 0.000 1.000 0.000
1.000 1.000 0.000 1.000 0.000 0.316 0.061 0.674 0.750 0.000 1.000 0.000
1.000 1.000 1.000 1.000 1.000 0.581 0.000 0.858 0.750 1.000 0.000 1.000
1.000 1.000 0.000 1.000 0.000 0.594 0.000 0.915 0.750 1.000 0.000 1.000
0.000 0.000 0.000 1.000 0.000 0.274 0.043 0.716 0.750 1.000 1.000 1.000
1.000 1.000 1.000 1.000 0.000 0.201 0.022 0.603 1.000 1.000 0.500 1.000
1.000 1.000 1.000 1.000 1.000 0.333 0.064 0.858 0.750 0.000 0.500 1.000
0.000 0.000 0.000 1.000 0.000 0.247 0.000 0.333 0.750 1.000 0.000 1.000
0.000 1.000 0.000 1.000 0.000 0.238 0.015 0.858 0.750 1.000 0.500 1.000
1.000 0.000 0.250 1.000 0.000 0.443 0.053 0.766 0.750 1.000 1.000 1.000
0.000 0.000 0.000 1.000 0.000 0.420 0.000 0.759 0.750 0.000 0.500 0.000
1.000 1.000 0.000 1.000 0.000 0.452 0.000 0.787 0.750 0.000 0.000 1.000
1.000 1.000 0.000 1.000 0.000 0.229 0.045 0.610 0.750 1.000 1.000 1.000
1.000 0.000 0.000 1.000 0.000 0.200 0.065 0.887 0.750 1.000 0.500 1.000
1.000 1.000 0.000 1.000 0.000 0.324 0.042 0.915 0.750 1.000 0.500 1.000
1.000 1.000 0.000 1.000 0.000 0.240 0.099 0.851 0.750 1.000 0.000 1.000
0.000 0.000 0.000 1.000 0.000 0.233 0.000 0.262 0.750 1.000 0.000 0.000
1.000 1.000 0.000 1.000 0.000 0.489 0.027 0.787 0.375 1.000 1.000 1.000
0.000 0.000 0.250 1.000 1.000 0.887 0.000 1.000 0.750 1.000 0.500 1.000
0.000 0.000 0.000 1.000 0.000 0.208 0.265 0.908 0.750 0.000 0.500 1.000
1.000 1.000 1.000 1.000 0.000 0.500 0.000 0.844 0.750 0.000 0.500 0.000
1.000 1.000 0.500 1.000 0.000 0.314 0.046 0.887 0.750 1.000 1.000 1.000
1.000 0.000 0.250 1.000 0.000 0.368 0.000 0.738 0.375 1.000 1.000 1.000
0.000 0.000 0.000 1.000 0.000 0.359 0.000 0.617 0.750 1.000 1.000 0.000
1.000 0.000 0.000 1.000 0.000 0.239 0.000 0.468 0.750 1.000 1.000 0.000
1.000 0.000 0.000 1.000 0.000 0.342 0.000 0.837 0.750 1.000 0.500 0.000
1.000 1.000 0.250 1.000 0.000 0.286 0.054 0.809 1.000 1.000 0.500 1.000
1.000 1.000 1.000 1.000 0.000 0.475 0.000 0.645 0.750 1.000 0.500 1.000
1.000 0.000 1.000 1.000 0.000 0.477 0.059 0.986 0.750 1.000 0.500 1.000
1.000 1.000 0.000 1.000 0.000 0.435 0.000 0.773 0.750 1.000 1.000 1.000